false false
0.0 0.0 0.0 0.0 0.0
0.0 0.0 0.0 0.0 0.0
0.0 0.0 0.0 0.0 0.0
3.000000 100.000000 19.000000
6 22.433389
37.290000 16.831894
-972.388845 16.831894
-55.004575 13.398558
35.983422 13.398558
151.859343 14.481568
-42.765037 14.481568
4.160716 11.716091 3.969047 13.304708 3.218787 80.425429 
Air 1.000000 0.00 1.000000 1.000000
G1 1.613000 0.00 1.613000 1.613000
Air 1.000000 0.00 1.000000 1.000000
G2 1.636000 0.00 1.636000 1.636000
Air 1.000000 0.00 1.000000 1.000000
G1 1.613000 0.00 1.613000 1.613000
Air 1.000000 0.00 1.000000 1.000000
6
a g a g a g a
