false true
0.0 0.0 0.0 0.0 0.0
0.0 0.0 0.0 0.0 0.0
0.0 0.0 0.0 0.0 0.0
2.0 50.0000 21.0
10 20.200969
34.15085 14.533956
78.48747 14.533956
20.54186 12.228570
66.81986 12.228570
13.84286 10.000000
-15.08790 10.000000
90.01661 11.000000
-19.98205 11.000000
95.01186 14.000000
-52.53383 14.000000
4.009367 0.681721 7.206837 1.303044 14.000000 1.303044 5.242247 0.104825 4.80000 31.742999
Air 1.0 0.0 1.0 1.0
LaF_N8 1.735159 41.59 1.747625 1.729948
Air 1.0 0.0 1.0 1.0
LaF_N2 1.744001 44.77 1.755671 1.739053
SF_3 1.740003 28.2 1.758663 1.732419
Air 1.0 0.0 1.0 1.0
SF_64A 1.705851 30.3 1.722396 1.6991
LaF_2 1.744003 44.72 1.755685 1.739048
Air 1.0 0.0 1.0 1.0
LaF_2 1.744003 44.72 1.755685 1.739048
Air 1.0 0.0 1.0 1.0
10
a g a g g a g g a g a
